   9.0203392945777438e+01	
   1.3236173176665449e+02	
   8.1860715809881356e+01	
   9.0504331534875618e+01	
   1.3528625954974243e+02	
   9.6066337822003021e+01	
   1.2913316654804527e+02	
   8.0914564718396520e+01	
   8.4642696337245610e+01	
   8.6835705490413915e+01	
   7.7308871062691054e+01	
   8.4611278864652675e+01	
   1.2439069491182150e+02	
   8.6642828751626212e+01	
   8.7423863683296531e+01	
   8.3042098888801718e+01	
   2.0077353236450764e+02	
   1.2888288941878642e+02	
   8.7390123798475244e+01	
   7.7111994137662350e+01	
   7.9719637954033274e+01	
   1.8675103217345747e+02	
   1.2628903317247286e+02	
   8.5930323454823494e+01	
   9.7874888026624149e+01	
   1.3837390109052734e+02	
   1.9271400510748782e+02	
   1.8039721559679774e+02	
   6.8986360242156167e+01	
   8.2293904320263650e+01	
   9.1688223733075333e+01	
   8.0447488848877512e+01	
   7.9902262385670483e+01	
   1.2756751547708116e+02	
   1.9518715877696417e+02	
   8.9828339708676609e+01	
   1.3657697451611531e+02	
   8.1917887618747642e+01	
   9.5069097143183626e+01	
   1.2822666254622382e+02	
   8.0794705052492233e+01	
   8.9691258772832967e+01	
   1.3892092212600377e+02	
   7.1178316768012138e+01	
   1.3716504378221967e+02	
   1.3421438856532671e+02	
   8.5528274023105340e+01	
   7.6830489232102479e+01	
   7.0978957150613056e+01	
   1.2570467300874830e+02	
   8.9224649316406015e+01	
   8.3267832756284363e+01	
   1.1951717664624888e+02	
   8.0199187559821624e+01	
   9.4082620785674820e+01	
   1.3146165302889577e+02	
   1.9440038040278378e+02	
   9.6506965631416278e+01	
   8.8041857987700041e+01	
   1.8350470727711090e+02	
   7.9100629067349828e+01	
   8.9910651737310005e+01	
   1.8359632016005452e+02	
   8.3498484593936766e+01	
   7.9832103554938200e+01	
   8.9977043710663764e+01	
   8.5369485210887930e+01	
   1.2876533791476047e+02	
   1.9709648166492082e+02	
   8.4935776169926669e+01	
   7.4902758872646345e+01	
   8.9138756588186624e+01	
   8.2258153771290495e+01	
   9.3740320905850169e+01	
   7.8224679895786196e+01	
   9.4508667565935809e+01	
   8.6447305720657468e+01	
   1.2602898644069208e+02	
   1.2724545370677485e+02	
   1.3255670402370222e+02	
   7.4400872536014077e+01	
   1.2609654043510972e+02	
   7.2116008610293747e+01	
   1.3259240785750606e+02	
   8.5317646198886862e+01	
   8.6304911803786638e+01	
   8.8118279046073567e+01	
   9.6907577558975504e+01	
   8.1189154195162502e+01	
   9.3208707378907931e+01	
   1.8641362665071506e+02	
   1.4432069505664012e+02	
   1.3046421429139272e+02	
   7.0456174654630274e+01	
   2.0360356017329670e+02	
   1.2739805496587695e+02	
   9.1230203585589294e+01	
   1.9744785688768454e+02	
   1.3459506963825163e+02	
   7.6375497845628331e+01	
   1.9250482175522018e+02	
   7.1931365435055639e+01	
   1.2195010982727061e+02	
   8.5886008282089804e+01	
   1.3777405521986131e+02	
   8.6039820268131265e+01	
   8.3002008820763592e+01	
   1.3422414758478845e+02	
   1.3265709108798194e+02	
   1.2115012435997104e+02	
   8.1890692345615435e+01	
   1.0286781807608276e+02	
   9.6902887311786742e+01	
   1.3528301199450638e+02	
   8.6710969700896655e+01	
   8.1129720708753894e+01	
   1.2488418625375169e+02	
   8.5990384010926832e+01	
   9.2865412562167620e+01	
   2.0418759640795815e+02	
   6.8586321105003265e+01	
   1.8835955012647213e+02	
   2.1043194080131460e+02	
   1.8653475049895238e+02	
   8.9773671834355682e+01	
   7.9762262661450492e+01	
   1.4403028210106945e+02	
   1.3066158745089515e+02	
   8.7558698849956400e+01	
   1.8440217892066593e+02	
   9.0579040793589030e+01	
   1.3235604198421467e+02	
   1.2679043384307228e+02	
   9.0201331564897245e+01	
   1.3893753546877477e+02	
   1.9004544271377128e+02	
   8.8532974999646726e+01	
   1.3384813371546420e+02	
   1.4333746281751084e+02	
   8.2490138860968457e+01	
   8.6749107981228434e+01	
   8.4628056061814391e+01	
   7.9179981539898591e+01	
   1.2274642443319600e+02	
   8.9634445112525427e+01	
   7.9455592731509270e+01	
   8.8694045925801888e+01	
   8.7164806797209337e+01	
   7.9690168106159362e+01	
   8.5936017275797610e+01	
   1.3267290365954213e+02	
   1.9044388513848145e+02	
   8.9844531789447714e+01	
   8.3523278989488304e+01	
   7.9472534851101855e+01	
   1.9665323227887717e+02	
   1.2921366687930933e+02	
   7.9058283814577123e+01	
   8.5442482778234265e+01	
   1.3606876838059807e+02	
   9.3566333138021207e+01	
   1.3108651554981296e+02	
   1.2934195590988242e+02	
   8.3427242491089700e+01	
   1.2139067445246852e+02	
   8.0919163049053523e+01	
   9.8427406630833957e+01	
   1.2985234022785525e+02	
   8.4780900454343367e+01	
   7.9216914028543840e+01	
   8.4287970020162305e+01	
   1.3461995337538593e+02	
   8.4435574234807873e+01	
   1.3006771122788251e+02	
   1.9419090596351543e+02	
   7.0772372219154718e+01	
   1.1421790259733062e+02	
   1.4335382638369927e+02	
   1.2739037545093936e+02	
   1.2872067476098337e+02	
   9.4371056833964644e+01	
   9.5043087696703978e+01	
   1.8511335942848478e+02	
   7.8641023223760655e+01	
   7.6463955538375799e+01	
   1.1905903122192326e+02	
   9.2772856983388948e+01	
   8.9220030577522436e+01	
   7.6281180725973130e+01	
   1.3488475090481987e+02	
   1.9458899627073282e+02	
   1.2504244436967900e+02	
   8.9991466382116784e+01	
   1.4365933411368437e+02	
   8.3305199506285760e+01	
   1.2472624809705250e+02	
   1.9542479264431648e+02	
   9.1042703736502077e+01	
   1.2262478732644817e+02	
   1.9011289871966258e+02	
   1.2700171017261549e+02	
   1.8906758068311225e+02	
   9.6177467511254591e+01	
   7.8805047765510622e+01	
   1.9951512076904913e+02	
   1.3131639088947679e+02	
   8.0720799154611910e+01	
   8.7126494222552509e+01	
   1.3862829623249067e+02	
   1.1465910745573677e+02	
   6.5599024548646724e+01	
   8.3598042253271174e+01	
   1.8597587221846027e+02	
   7.6883522101523326e+01	
   1.3391624737510656e+02	
   7.7940822067449105e+01	
   1.2185972931713135e+02	
   1.3254847570891383e+02	
   7.9689499732817580e+01	
   1.8586004635798562e+02	
   8.9029687005954017e+01	
   2.0158483460978863e+02	
   1.2664521904987515e+02	
   8.9414513357903303e+01	
   1.2883714946582393e+02	
   1.8222799517371965e+02	
   7.6941183726003004e+01	
   7.4312725855297430e+01	
   7.4795095384691180e+01	
   1.3646963355736949e+02	
   1.3884925490438266e+02	
   8.3166006758526748e+01	
   1.8447479278361359e+02	
   1.6850042793222931e+02	
   1.8212048251743326e+02	
   1.9102116335442770e+02	
   1.8341533442670880e+02	
   1.3451879706013094e+02	
   8.6607193894663837e+01	
   1.2767440540436846e+02	
   1.3158270488051360e+02	
   1.7352058404201892e+02	
   8.8334289914888117e+01	
   1.8951414833808929e+02	
   1.2708146490673420e+02	
   8.4412987637236441e+01	
   8.6137297419602703e+01	
   9.1366172486641545e+01	
   1.9141327483065473e+02	
   8.1828123154280249e+01	
   1.3294873590829641e+02	
   8.8391470303747752e+01	
   1.3878087794584107e+02	
   1.3414563683116182e+02	
   9.7519796040760312e+01	
   1.8409332399110212e+02	
   8.1881726624443104e+01	
   1.5265026397068044e+02	
   1.2774175807753215e+02	
   1.9794960246297134e+02	
   1.2976774281858707e+02	
   8.3980001909355963e+01	
   9.3328065702282188e+01	
   1.3131015082814537e+02	
   1.4273082803429145e+02	
   1.2617596153961084e+02	
   8.0089143507335521e+01	
   1.9151508380177165e+02	
   8.9212603408346382e+01	
   1.2775035732030673e+02	
   8.8161083628510298e+01	
   9.2344018630354412e+01	
   9.4298629269600099e+01	
   1.3061890103326877e+02	
   1.8769931570980984e+02	
   7.7077358501949618e+01	
   1.3301772133146261e+02	
   1.1983288818732140e+02	
   6.6662084235588623e+01	
   8.6924994096818409e+01	
   8.4446737733609964e+01	
   1.8654861791566719e+02	
   9.3744575662254078e+01	
   8.7319307984565697e+01	
   2.0349963053360315e+02	
   9.6696012940319733e+01	
   8.3123892235692750e+01	
   9.5103583418951118e+01	
   8.2905426607327527e+01	
   1.2539303751534615e+02	
   7.8462441178485889e+01	
   7.9287102599275499e+01	
   8.6626366474532531e+01	
   8.2429945748211566e+01	
   1.8943039061349373e+02	
   1.2208899524244335e+02	
   7.2749768546159586e+01	
   8.1617254011847209e+01	
   7.6981572058127455e+01	
   8.4391167226192721e+01	
   8.3640708238214799e+01	
   8.7814775613291459e+01	
   9.0419214233508370e+01	
   1.2089059637560054e+02	
   1.9782113926705526e+02	
   7.8625422613146455e+01	
   1.3594295349888844e+02	
   7.9406308570019121e+01	
   8.4800615089932379e+01	
   1.2706940276207803e+02	
   8.6877034135840205e+01	
   8.2462411854110641e+01	
   1.4271306356852307e+02	
   8.5187842313784259e+01	
   8.4187963710884716e+01	
   8.2615314721750153e+01	
   8.3583273920822052e+01	
   8.0121836009231401e+01	
   8.1680115871030921e+01	
   9.0934569539384682e+01	
   1.3322656073392059e+02	
   1.2996725206907556e+02	
   8.5889725374303140e+01	
   1.3582576184736837e+02	
   7.9067941597934350e+01	
   8.0873501046088620e+01	
   1.3107872076734952e+02	
   9.2273135366980881e+01	
   1.2894721378818252e+02	
   7.9554905383435269e+01	
   7.5590470733078334e+01	
   7.9383965627916240e+01	
   9.5878359490526307e+01	
   8.5120122245803728e+01	
   1.1051903479309371e+02	
   1.9146438393820168e+02	
   1.2484206109884659e+02	
   8.9499623673512701e+01	
   1.9126900446178388e+02	
   1.2300123924921893e+02	
   1.1694958452380823e+02	
   8.4102323336503375e+01	
   8.0085239936379025e+01	
   8.7752488091320146e+01	
   8.6509982978120192e+01	
   8.4721177365939440e+01	
   7.7933773741957424e+01	
   7.7872750685172775e+01	
   9.0898670529026276e+01	
   8.7697566653257354e+01	
   8.5468803883981366e+01	
   1.2931086205328438e+02	
   8.3580664469299933e+01	
   1.9933340983371480e+02	
   1.7590092475163621e+02	
   1.3620606534078144e+02	
   7.1181896449495099e+01	
   1.3060953526056485e+02	
   1.1872689706841659e+02	
   1.2099467994906213e+02	
   8.1090251799257672e+01	
   1.3412604366350314e+02	
   8.2936464121124416e+01	
   1.8717189504821931e+02	
   1.2834254413039037e+02	
   8.4211153818574957e+01	
   8.9262387335590148e+01	
   8.0864939918342216e+01	
   1.8740424507868769e+02	
   9.0162016060513437e+01	
   1.2237779517764865e+02	
   1.9355634782768996e+02	
   8.0984186887953385e+01	
   1.3256955083217017e+02	
   9.2878625032009253e+01	
   1.2007580584119486e+02	
   7.8651441038790750e+01	
   1.2339570850285405e+02	
   1.3561660226207934e+02	
   1.8829398355692032e+02	
   1.2276430732037790e+02	
   1.2100665955179369e+02	
   9.0746285248871814e+01	
   8.0513039723349749e+01	
   1.3115556558493083e+02	
   1.3448747014242613e+02	
   7.9885588498519226e+01	
   7.3942062834482471e+01	
   1.9123554538442815e+02	
   8.4467072195950266e+01	
   1.7753226436149112e+02	
   1.3006269463909879e+02	
   1.1670078467139908e+02	
   1.9466824379777981e+02	
   1.3587648112151541e+02	
   1.9526507242239586e+02	
   8.6208985327417309e+01	
   1.2926947320800005e+02	
   1.4389418926509038e+02	
   1.8943253050334920e+02	
   9.0397507483138043e+01	
   1.1806069779388726e+02	
   1.9627201907974899e+02	
   8.6896841106932598e+01	
   7.4226476116045191e+01	
   9.2719213410066516e+01	
   8.3393741647726728e+01	
   8.6061842316351729e+01	
   1.8681329014295065e+02	
   9.2441133874989788e+01	
   8.3316487277893415e+01	
   8.0276092034351223e+01	
   8.4981829180903347e+01	
   9.1029305947116569e+01	
   8.6116549822527872e+01	
   1.2299803176255077e+02	
   1.1610101660951135e+02	
   1.8194015197837439e+02	
   7.7054269078861083e+01	
   1.9003657277572131e+02	
   1.2175138223286035e+02	
   1.2124453034472680e+02	
   1.8388473876946912e+02	
   7.7617967107270317e+01	
   8.6319204441829015e+01	
   9.1431199913719809e+01	
   8.5467378136125859e+01	
   8.3171647640904908e+01	
   1.2627550460607812e+02	
   8.7985894457030540e+01	
   1.8797772438628508e+02	
   8.7735591090144794e+01	
   6.7071625415767329e+01	
   9.1132497866072256e+01	
   1.1919771452834053e+02	
   8.1788526448952851e+01	
   1.1850261226794579e+02	
   9.0973395625350705e+01	
   8.8003488563823851e+01	
   7.4532338914107754e+01	
   8.9599489170038254e+01	
   2.0356580702812056e+02	
   8.6761406632182585e+01	
   8.1941919512650017e+01	
   1.7783650643896385e+02	
   7.6899493284446152e+01	
   7.5783219608487116e+01	
   1.2787907792127093e+02	
   1.9782819284442442e+02	
   7.8546831664210629e+01	
   8.5551980233040553e+01	
   8.6896774607468473e+01	
   8.5812162952860120e+01	
   8.2427917441563565e+01	
   1.9776283125784701e+02	
   9.2307489957860682e+01	
   9.2045647716045849e+01	
   1.2841372834436717e+02	
   7.9428156959569989e+01	
   8.7201339334118543e+01	
   7.7179907053867382e+01	
   1.3572671369433570e+02	
   7.7535726267805913e+01	
   7.2150027401989192e+01	
   1.7822541927926258e+02	
   1.2790966824892678e+02	
   1.3325475041238820e+02	
   1.2678337231250518e+02	
   8.0095252470482592e+01	
   2.0041189786342451e+02	
   1.3251055640523273e+02	
   1.2242458610437977e+02	
   1.8843707906400084e+02	
   8.5319583257116193e+01	
   7.3410204031358106e+01	
   1.2569305505782221e+02	
   1.2764409325888852e+02	
   8.1379491483423607e+01	
   9.0158512830322337e+01	
   8.7249425659493525e+01	
   9.0611574544086025e+01	
   1.9491104407359842e+02	
   7.5938454652012069e+01	
   8.7606809438759853e+01	
   8.4875414351772775e+01	
   1.2591243617295660e+02	
   1.2298777403913564e+02	
   8.8799955744003952e+01	
   8.8882206730014076e+01	
   8.2907001531481455e+01	
   1.2908711221203060e+02	
   1.2762909458290783e+02	
   9.9694613512728580e+01	
   9.5236012165629589e+01	
   8.2258970793694189e+01	
   9.4192851953959689e+01	
   1.3881593555628808e+02	
   1.3482286801289820e+02	
   1.2113297718831824e+02	
   7.8634100101319817e+01	
