2.48302016883 0.611988501703
0.428089502047 6.11988501703e2
3.57722161782 -0.421980706789
7.41256425439 0.904147036712
5.86186574162 -0.408964978425
5.79658303898 -0.467625246943
0.987475671307 0.834638242837
5.35864305288 -0.798345192342
3.21954491378 -7.98345192342e2
9.36994178844 0.0548086943501
9.32457452564 0.100035833376
4.14456376012 -0.843072564125
7.07438377894 0.711196300799
2.16849058129 0.826635341666
3.37583596403 -0.232107027473
8.00080505017 0.989240791205
2.39279913907 0.680755492145
2.98466543705 6.80755492145e2
8.36422706735 0.87262466637
1.03067523849 0.857646419219
4.38985811102 -0.948436251994
4.67397551322 -0.99926229349
0.468960489983 0.451959246689
1.7812013928 0.97794639447
6.09861162068 -0.183527477829
7.06878835638 0.707251642486
6.52035251258 0.234950075389
7.9933651731 0.990301830925
8.77620974389 0.604045966461
0.715510405526 0.656002735045
8.29085458477 0.906079171191
2.08839024472 0.869012200917
7.70222115814 0.988506463614
8.20710409276 0.938297450995
4.581093022 -0.99139306064
6.21034870306 -0.072772219424
0.633846578634 0.59224853309
2.57774888432 0.534438919047
0.691992708983 0.638072786258
8.48412748861 0.807941570222
2.82122571508 0.314914850457
5.01124483561 -0.955673981653
0.331181134415 0.325160205272
7.10877863754 0.734950261375
7.64028272657 0.977253151954
3.78482401589 -0.599784180978
5.00990389473 -0.956067931486
0.956086798941 0.816941002821
8.24384827116 0.924959754628
1.21225075502 0.936408191204
2.30017892293 0.745585988182
5.37027085123 -0.791289119069
4.41369284915 -0.955720996511
3.7871873159 -9.55720996511e2
2.14870437241 0.837607259862
3.61349281421 8.37607259862e2
2.2319764429 0.789268132495
9.24872353955 0.175146357169
4.2266759791 -0.884342317105
1.35821637914 0.977489844742
4.54113830442 -0.985372403846
7.20117747683 0.794383633067
8.09601202584 0.970853343538
9.32216766136 0.102430332365
2.52296924703 0.579914230609
1.65042027631 0.99683168778
2.51557958307 0.585918535382
2.51651135689 5.85918535382e2
2.83655888804 0.300325382201
4.04040816062 -0.782590067648
7.78251731934 0.997447512472
4.79871361583 -0.996276341893
2.21943373477 0.796907681434
3.94920022208 -0.722635525355
8.68402274825 0.674845419988
0.908472711924 0.788565452688
1.35672159837 0.977173380281
7.91570135528 0.998095942547
8.83666476744 0.554792209094
1.87561139423 5.54792209094e2
6.17407879876 -0.10889016573
4.34015966439 -1.0889016573e2
4.81416843119 -0.994824941405
1.39649079794 -9.94824941405e2
0.0759228999337 0.0758499807258
0.908362748137 0.788497825598
3.66157788954 7.88497825598e2
6.44687997541 0.162964588202
6.69324764077 0.398666494644
2.92802527574 3.98666494644e2
8.68471712646 0.674332834606
6.28727337227 0.00408805370201
4.73841140649 -0.999661435776
7.28623629116 0.843115519515
9.22620764305 0.197267944412
7.42330226303 0.908682330024
4.66703502807 -0.998971685792
5.52232041328 -0.689548093606
3.74480411249 -0.56729008854
8.0295768222 0.984622737378
4.40034859807 -0.951709151712
7.65773643666 0.980805631478
7.0161911897 0.669106525651
7.75243618789 0.994848689941
8.83147495935 0.559102581268
5.51495013883 -0.69486716371
0.677496899185 0.626844713291
7.28614456604 0.843066192394
7.71570604526 0.990455153566
6.85012613958 0.537054011497
1.11071628045 0.89601695823
6.10477794846 -0.177462436952
4.6608891297 -0.998674175762
8.13378169134 0.961110674377
5.02860973756 -0.950417459865
3.28448550023 -9.50417459865e2
3.35422954915 -0.211038137506
8.63589364888 0.709567558624
8.33943505256 0.884463470643
3.45272086974 -0.30613288018
0.174761826263 0.173873596658
2.47980046734 0.614531679788
8.38167656371 0.863970067158
3.72216052971 -0.548498855564
3.62178022126 -0.461945538989
1.9904228139 -4.61945538989e2
4.04903047803 -0.787928625606
8.59791752603 0.735808921258
1.29281328023 0.961610879574
8.56391758342 0.758403624752
7.22537768822 0.808849198677
0.925836130366 0.799123696155
5.66866206237 -0.576569055748
4.33081206425 -0.928078570706
9.03659653658 0.37850577012
5.71986550273 -0.533995986915
1.88640242056 0.950608426455
6.69376616201 0.399141974771
1.18145853025 0.925160619127
8.05241558058 0.980376502676
4.26942671214 -0.903485948502
8.24955352465 0.922776345223
6.8968002871 0.57582672164
5.9397113405 -0.336760171519
2.60653238802 0.509892883082
8.82916638042 0.561015128989
3.88037168012 -0.673385758726
4.19681742531 -0.870011069368
1.00613172033 0.844768127919
0.402766125626 0.391964619672
6.4731059493 0.18878096461
4.60025741518 -0.993719840474
2.10950912419 0.858369767803
7.090438479 0.722390510631
7.48648949802 0.933231295117
5.19990681979 -0.883498308365
0.123687393358 0.123372261108
4.17503318424 -0.859065161681
1.84515758739 0.962598449018
4.6482657257 -0.997944808459
5.98559002965 -0.293222035305
2.06324338446 -2.93222035305e2
7.15852449154 0.76776087419
1.84102124572 0.963710879041
1.28615594901 0.959762701066
6.50520395953 0.220199174785
8.06635660242 0.977533071227
5.17188139018 -0.896277725791
4.07521042247 -0.803777515444
1.84582042928 0.962418652392
5.51634017983 -0.693866861255
3.34132022543 -0.198402325696
8.33095401237 0.888388947938
6.00573217182 -0.273907076803
3.97126310524 -0.737708926851
4.81308230352 -0.994934709318
8.7447193228 0.628838618222
2.97623612692 0.164604004999
1.86811697895 0.956124860474
6.89889467081 0.577537766453
2.83545491681 0.301378207375
6.38982646825 0.106439149431
3.23908490908 -0.0973378891149
4.51462774946 -0.980508896135
8.73291027879 0.637976513475
6.81220278228 0.504685367903
1.077732127 0.880886626867
1.54537980043 0.999677017481
6.93682918707 0.608083215277
5.47413838587 -0.723629699248
3.81984736539 -0.627434978558
5.81756671608 -0.448975625679
6.25884080802 -0.024342094584
5.93271644249 -0.343338208446
3.71437115152 -0.541969182847
8.19006486349 0.944053623156
6.71777754218 0.42104057648
9.03838083892 0.376853620127
6.9413851842 0.611693776191
1.84798238883 0.961829280001
1.12035130483 0.900253443978
7.26681168476 0.832511879369
6.83531150677 0.524498683395
6.95355108314 0.621272648613
4.31922433976 -0.923701270706
1.19363668424 -9.23701270706e2
0.925651264081 0.799012547059
0.416712218328 0.404756217543
6.70268895332 0.407307187628
5.05891226958 -0.94055918962
3.12298400555 0.0186075740865
9.24969250252 0.174192289961
9.37643446033 0.0483246720915
5.06995202046 -0.936752521979
2.8935076573 0.245548035864
1.21915796518 0.938809661748
2.17722516955 0.821688586731
6.28380009715 0.000614789936448
9.24568142599 0.178140631921
3.07503070586 0.0665128082438
4.12229958907 -0.830890941939
2.24568196149 0.780778412598
7.99193974048 0.990498863925
3.5620601959 -0.408187316185
8.53982449251 0.773885518227
3.54610745139 7.73885518227e2
6.8088257617 0.501767102471
4.93578306026 -0.975151140925
5.63531478924 -0.603489788686
4.31560359757 -0.922308063732
7.56625614919 0.95889179894
6.39764217709 0.114207128897
1.19442135093 0.930003126595
4.34309756196 -0.932583345561
7.08801966864 0.720715827181
4.80513450653 -0.995702215715
3.77900525618 -0.59511810419
9.13277608969 0.287869931548
9.39988402962 0.0248913600665
7.55577027911 0.955863541443
2.65335705918 0.469068363391
7.86269853845 0.999962008029
7.61066510914 0.970544287602
3.52077110367 -0.37015739997
5.92399807895 -0.351513446483
4.4757479855 -0.972130937932
7.98764959299 0.991079731867
7.4457622855 0.917829152784
4.79725909246 9.17829152784e2
4.86071714407 -0.98901953209
8.2961586745 0.903822232439
9.24361763154 0.180171035241
1.75415078375 0.98323761163
6.34860705416 0.0653750894033
3.61430647188 -0.455304169027
2.09512408906 0.86566068037
8.82713953219 0.562691811695
5.11136757077 -0.92145826911
5.731168583 -0.524405471655
2.52501130962 0.57824940013
3.44362234869 -0.297458638399
4.41324065843 -2.97458638399e2
8.3253476905 0.890948788241
0.991977608318 0.837109436705
3.4820876092 -0.333953672984
7.99910464349 0.989488124443
7.85607913137 0.999997800253
4.10220810108 -0.819544384567
3.97890496632 -0.742846501265
4.68806173868 -0.999704107249
8.55307849959 0.765423690429
7.72687774351 0.991933169531
8.03869856151 0.982988281447
0.437966862979 0.424099101891
4.46015379499 -0.968357008086
6.46811213047 0.183874604994
3.29770721028 1.83874604994e2
4.7352297682 -0.999739160546
0.983111950384 -9.99739160546e2
3.43579978707 -0.289981142436
5.98173753554 -0.296903005537
7.16675363259 0.773007529809
7.91658803854 0.998040859094
2.25581949004 0.774404392127
0.57216439933 0.541452993232
7.04697482013 0.691663267392
0.55719841501 6.91663267392e2
7.06174337172 0.702253596994
3.15658697043 -0.0149937549852
4.39094605891 -0.948780535229
3.12625652441 0.0153355280193
8.47260661344 0.814676622297
6.23572679953 8.14676622297e2
8.98535397785 0.42541824202
8.1065406153 0.968276147887
5.11626926721 -0.919543008906
1.73546190783 0.986473229281
0.0998371483059 0.0996713772097
1.91958916183 0.939785962517
2.00263556873 0.908197486415
2.31387060479 0.736392123804
6.36766319397 0.0843774430424
7.26772444611 0.83301720886
5.88946616884 -0.383625642557
7.14574273854 0.759508646799
6.86442407472 0.549059698824
8.69867978093 0.663957029605
2.88281610265 6.63957029605e2
4.57022843286 -0.98991219577
8.81897568905 0.569421763321
0.00366089023527 0.003660882058
7.83804230109 0.999872971523
0.598184082005 0.563142801453
4.30900891149 -0.919739474188
3.1683583002 -0.0267624509063
1.4556790941 0.993381325424
0.129339808853 0.128979494033
5.54038015671 -0.676356771397
7.44364445839 0.916986369354
0.755502755962 0.685654724894
5.73173323115 6.85654724894e2
4.06298372912 -0.796443591579
1.50715544882 0.997975602725
1.64347672824 0.997359942093
5.32326475903 -0.81914599849
6.83494724953 0.524188515889
8.29443929 0.904556634716
5.70190313396 -0.549095976038
2.06194309626 0.881792579163
5.64021490017 8.81792579163e2
8.3321838052 0.887823688753
5.60170437302 -0.629943868075
4.33286593225 -6.29943868075e2
2.88224532475 0.256449762311
5.56561343643 -0.657557248482
4.98863145643 -0.96208706428
9.38912874116 0.0356416691831
3.48053231866 0.356416691831e2
1.51633035241 0.998517095463
8.51119381159 0.79169842028
1.41421772523 0.987766595156
6.222777268 -0.06037130641
6.31862030496 0.0354275826528
7.58082401852 0.962923857807
7.14310158519 0.757787936876
5.8617977676 7.57787936876e2
1.4330582174 0.990529094159
2.90757749679 0.231885098615
2.82122024551 0.314920041733
4.79575877283 3.14920041733e2
1.58745322646 0.999861277054
0.40990813028 0.398525070669
1.19145666653 0.928909366611
4.49858917145 -0.977231748175
5.15427909857 -9.77231748175e2
8.58382387679 0.745279596551
4.35368613211 -0.936352989308
2.99354075227 0.147511626495
1.29729890183 0.962832130674
2.50114260434 0.597556363467
0.0363218057589 0.0363138198859
4.71652059575 -0.999991464889
4.07339648082 -0.802697025361
7.82929462357 0.999695291234
2.61650555128 9.99695291234e2
2.89718216188 0.241984378677
1.57734718867 0.999978543181
5.7391005593 -0.517635216411
8.54992857896 0.767446947742
6.84283024125 0.530885333021
3.95223562009 -0.72473034902
4.90525770589 -7.2473034902e2
4.23113673475 -0.886415966516
5.40017492739 -8.86415966516e2
2.5114180051 0.589285869741
3.03813309406 0.103275088493
7.85973724043 0.999983436543
1.50072351851 0.997545905191
6.53193398794 0.246191347126
4.18897511335 -0.866117843258
1.31495711543 0.96745126775
0.634789858491 0.593008322279
1.00854110659 0.846055015605
5.65939961255 -0.584112084941
7.39577731323 0.896848240859
7.09992424663 0.728917181315
6.62117551444 0.331591678409
3.58714860041 -0.430959617279
9.33847631964 0.0861945522927
6.88279595472 0.564321084153
1.67043815192 5.64321084153e2
2.29910050503 0.746304222356
3.8459460723 7.46304222356e2
8.70503644254 0.659190321867
1.64112113183 0.997528229844
2.18077476607 0.819660369093
0.480740519678 0.462435886064
3.48166723026 4.62435886064e2
8.42297224487 0.842445244887
9.31726457953 0.107306374111
6.96132955237 0.627348957807
5.59861459019 -0.63234050829
4.66992893727 -0.99909870779
1.43054456085 0.990180832625
4.75758327278 9.90180832625e2
1.14066628986 0.908911533388
2.3966916802 0.677899013869
6.64387931822 0.352923671113
3.79044125905 -0.604269398252
5.97021542845 -0.307885602162
5.32258619105 -0.819535026334
6.06851433203 -0.213025967244
6.07798040599 -0.203767766388
8.43071640653 0.838247610476
4.41517300589 8.38247610476e2
2.21757894663 0.798026789586
7.7588011183 0.99547375333
2.9132555761 0.226358077302
3.88447205585 -0.676411461485
4.94363144117 -0.973382390416
1.57820048377 0.999972589355
7.56915903411 0.959711514926
3.8110965988 -0.620597092159
5.45281945918 -0.738178223665
4.26463941231 -0.901423681718
9.13630722201 0.284486486092
1.43534895062 0.990841019545
1.1822003123 0.925441927126
3.1264127517 0.0151793189175
4.08640557044 -0.810387336984
3.27303885752 -0.131068007258
3.35092387515 -0.207805767285
1.07012051525 0.877258360195
5.34159472648 8.77258360195e2
1.59669826669 0.999664563509
0.893645174093 0.779360896274
8.75424817774 0.621401155287
3.92644015436 -0.706717296721
7.72550037269 0.991757630479
9.29395300183 0.130452096262
4.52393434874 -0.982294918967
6.06082401377 -0.220533392764
1.30483703228 0.964840808734
1.20862608819 0.935130101133
5.99907708939 -0.280301530424
0.971032946485 0.825469197331
7.61770290402 0.972215803011
4.58102722466 -0.991384444368
0.112321613582 0.112085584895
0.0930758863469 0.0929415566075
8.85876359485 0.536272262299
3.90818812249 -0.693687059759
2.76079185891 0.371664020106
1.97610619398 0.918980259559
9.01527496984 0.398153461406
8.02392788648 0.985593858613
6.5142580039 0.229021840922
1.49566558917 0.997179013458
7.89557074022 0.999135297768
5.17365550173 -0.895489509253
4.25598174531 -0.897641712181
1.62448481134 0.998559119469
4.49757074149 -0.977015156332
1.28177539205 0.958523382085
8.21039243751 0.937155174136
2.81373536823 0.322015187286
2.63130396331 0.488429179396
4.7517076736 -0.99922711976
8.8076018547 0.578734540461
8.54944127045 0.767759276167
1.20873524827 0.93516877147
5.89607306459 -0.377515920618
2.33267642901 -3.77515920618e2
9.16613774648 0.255766231337
2.53113520902 0.573242343688
7.6622881745 0.981683002287
1.71442370631 0.989703306921
2.78804697285 0.346226360783
7.2376606707 0.816010593493
8.45105053207 0.826987091792
8.77391503067 0.605873144997
4.31017456575 -0.920196402762
3.43187595919 -0.286223689477
3.34234144022 -2.86223689477e2
7.69569637145 0.987499020757
4.91362483442 -0.979820303164
5.14013746692 -0.90990203519
0.821557366921 0.732207411381
4.99222446929 -0.961100888877
5.7988531692 -0.46561741472
3.84912948198 -0.649963820058
1.45862057522 0.993714895194
8.93727058369 0.468425105304
6.97069244039 0.63461259279
8.07819386392 0.974969561093
3.42891647285 -0.283386770374
6.87138022657 0.554860202416
1.88858959086 0.949927271616
9.36937889852 0.0553707294556
0.485175443314 0.466363562578
3.50502465787 4.66363562578e2
8.46219802159 0.820668487039
2.61916320317 0.498986993092
7.0390422744 0.685912521785
0.12448789082 0.124166603526
5.06691438285 -0.937811348745
3.68212605279 -0.514593419612
3.15063804526 -0.00904526831916
2.46086853059 0.629355917401
5.85671110009 -0.413663392966
6.50193099509 0.217005371766
5.05166563895 -0.942995643903
6.97683199131 0.639345434166
2.31024842581 0.738837890876
6.11326383178 -0.169104955896
5.88331349339 -1.69104955896e2
4.46448660563 -0.969429250498
4.50860409774 -0.979307619651
7.90145096862 0.998873542682
4.17654528146 -0.859838170807
2.51336880614 0.587708649285
1.32393129643 5.87708649285e2
7.38162973255 0.890500679452
8.85529105593 0.539200002399
2.74999406483 0.381666477934
1.84775040251 0.961892737225
0.986513441343 0.834107861694
9.12857322589 0.291892331774
4.38859454375 -0.948034984646
1.25780094554 -9.48034984646e2
5.99881432232 -0.280553754002
0.907514486696 0.787975829347
0.410940225237 0.39947145181
5.35028651019 -0.803349569794
1.11705310657 0.898812625983
2.0309325379 0.895992018552
0.260087980959 0.257165574814
5.53381066031 -0.681181062843
8.66605116762 0.687998020794
7.37951082993 0.889534618745
0.843010990774 0.746649465856
5.69677127869 -0.553377722528
5.08862770134 -0.930053198671
4.09924189995 -0.817841101904
9.02120582914 0.392706001912
