0.428089502047 6.11988501703e2
0.55719841501 6.91663267392e2
0.983111950384 -9.99739160546e2
1.19363668424 -9.23701270706e2
1.25780094554 -9.48034984646e2
1.32393129643 5.87708649285e2
1.39649079794 -9.94824941405e2
1.67043815192 5.64321084153e2
1.87561139423 5.54792209094e2
1.9904228139 -4.61945538989e2
2.06324338446 -2.93222035305e2
2.33267642901 -3.77515920618e2
2.51651135689 5.85918535382e2
2.61650555128 9.99695291234e2
2.88281610265 6.63957029605e2
2.92802527574 3.98666494644e2
2.98466543705 6.80755492145e2
3.21954491378 -7.98345192342e2
3.28448550023 -9.50417459865e2
3.29770721028 1.83874604994e2
3.34234144022 -2.86223689477e2
3.48053231866 0.356416691831e2
3.48166723026 4.62435886064e2
3.50502465787 4.66363562578e2
3.54610745139 7.73885518227e2
3.61349281421 8.37607259862e2
3.66157788954 7.88497825598e2
3.7871873159 -9.55720996511e2
3.8459460723 7.46304222356e2
4.33286593225 -6.29943868075e2
4.34015966439 -1.0889016573e2
4.41324065843 -2.97458638399e2
4.41517300589 8.38247610476e2
4.75758327278 9.90180832625e2
4.79575877283 3.14920041733e2
4.79725909246 9.17829152784e2
4.90525770589 -7.2473034902e2
5.15427909857 -9.77231748175e2
5.34159472648 8.77258360195e2
5.40017492739 -8.86415966516e2
5.64021490017 8.81792579163e2
5.73173323115 6.85654724894e2
5.8617977676 7.57787936876e2
5.88331349339 -1.69104955896e2
6.23572679953 8.14676622297e2
